0 0.070596 0.597761 0.105910 0.216085
0 0.177929 0.523361 0.196895 0.395208
0 0.346035 0.557007 0.146426 0.208505
0 0.728636 0.454684 0.459187 0.451511
1 0.380656 0.646829 0.051441 0.058836
1 0.427850 0.664762 0.071736 0.031779
1 0.451565 0.623859 0.049792 0.029888
1 0.483893 0.605453 0.019586 0.033353
1 0.696545 0.600243 0.043185 0.039005
1 0.596710 0.614484 0.027398 0.018571
1 0.541799 0.650704 0.135360 0.032196
1 0.699100 0.627794 0.011607 0.016098
1 0.671007 0.627641 0.014395 0.018886
1 0.684820 0.626402 0.012770 0.016409
1 0.785789 0.648446 0.022073 0.019530
1 0.846691 0.647110 0.025486 0.019530
1 0.935972 0.653778 0.125184 0.042265
1 0.556357 0.613090 0.018398 0.015129
1 0.113951 0.669115 0.075838 0.049435
1 0.139061 0.647318 0.064040 0.054378
1 0.054797 0.629567 0.041796 0.047639
1 0.019743 0.636306 0.031684 0.035952
