0 0.126787 0.619236 0.113495 0.264306
0 0.212015 0.624916 0.097944 0.267384
0 0.277055 0.612270 0.159115 0.357715
0 0.465099 0.619638 0.224291 0.395341
0 0.809723 0.581799 0.353698 0.608194
1 0.491962 0.723935 0.104484 0.083856
1 0.599740 0.740933 0.056081 0.073505
1 0.660730 0.724879 0.084913 0.113218
1 0.754346 0.761854 0.077671 0.078469
1 0.836978 0.757292 0.116337 0.143254
1 0.944659 0.749354 0.092954 0.105744
1 0.381370 0.712601 0.047969 0.055136
1 0.336022 0.703778 0.053755 0.061015
1 0.201357 0.706720 0.058442 0.047784
1 0.095965 0.707429 0.148175 0.031154
0 0.091188 0.559436 0.163527 0.287153
0 0.278002 0.485002 0.287879 0.411128
0 0.692240 0.543975 0.234236 0.435886
0 0.484029 0.533818 0.241853 0.344481
