1 0.121672 0.526369 0.024425 0.040119
1 0.100960 0.525197 0.026771 0.035169
1 0.078880 0.520769 0.035756 0.033608
1 0.154009 0.535357 0.029700 0.037778
1 0.180681 0.536660 0.028723 0.039861
1 0.222789 0.518553 0.037125 0.044289
1 0.249461 0.518423 0.020518 0.042989
1 0.270856 0.518553 0.026964 0.051062
1 0.301143 0.525456 0.034782 0.053929
1 0.329964 0.532622 0.023251 0.047414
1 0.349503 0.533013 0.020126 0.045595
0 0.357646 0.406420 0.213497 0.311531
0 0.652564 0.441278 0.375253 0.314435
0 0.925252 0.377543 0.142096 0.444444
1 0.943415 0.567002 0.107907 0.116809
