0 0.875630 0.532260 0.128765 0.303317
0 0.964642 0.542753 0.070717 0.200301
0 0.377800 0.535509 0.265972 0.406978
0 0.292644 0.490904 0.251597 0.429831
0 0.568570 0.542882 0.189665 0.315552
0 0.774405 0.449755 0.242510 0.537004
0 0.730410 0.567075 0.214611 0.258489
1 0.039798 0.676675 0.033088 0.036128
1 0.156318 0.612211 0.036228 0.043356
1 0.207181 0.659648 0.036456 0.049349
2 0.143609 0.667202 0.278338 0.083644
2 0.357409 0.658550 0.111768 0.074031
1 0.340139 0.668120 0.036002 0.037133
1 0.474973 0.645931 0.088304 0.068833
1 0.587872 0.643363 0.042004 0.040800
1 0.636345 0.642607 0.049516 0.045856
1 0.680092 0.646751 0.038085 0.048886
1 0.725424 0.644099 0.054286 0.048886
1 0.814023 0.606731 0.044727 0.046081
1 0.913787 0.608861 0.036885 0.063509
1 0.955319 0.612541 0.044437 0.060023
